00100100
01100000
01010100
01110000
10111101
01000011
01001111
00010100
00101101
00101110
10011100
11100110
00011100
01001101
00111101
00101000
00000111
10100001
01010010
11101101
01111000
10100110
01101110
01111100
10011111
10011101
00001101
11000100
10111111
01100110
00101100
10100110
10000111
00000000
11010010
10100000
01000110
10000001
00101010
00001001
00100000
10101000
00110111
11101111
11100111
11010001
10001010
11010110
00001100
11000001
11100111
10000010
01101111
10101111
11011101
11100110
01001100
10101100
11000001
10110101
10110010
01111000
00110101
10011010
11110100
00101001
00100001
01010000
01101000
11101001
01110010
00101010
11001111
01101110
01111100
11011111
10011110
10101101
00011100
10010001
01010010
10001100
01001010
11110000
11010001
10100111
00100101
11100111
10011110
00000110
10000010
11110111
11100101
01110010
11100101
11110001
00111010
11001111
10001111
00100100
00001001
11011000
00010011
01100001
01100000
01111001
11100111
01110011
01011000
01110111
11101000
10011011
00011001
00001111
00000001
10001111
00111101
01011111
01101001
11001101
11010111
11001100
01001011
11001000
10110011
00100001
00100011
00001010
00101110
11101011
01111000
10100100
10011101
00101100
11011001
01000110
11101110
11111100
01011001
01111100
01010000
10011111
11100000
10010101
10010000
11111011
10111010
00011100
01001110
01011111
01111101
01100001
01000111
01111111
10011000
11001000
11010010
10111100
10001001
00010001
00111100
11100111
01000111
01010111
10110101
00101111
11001111
11110110
00000011
10110010
10010100
00000000
00010000
11000111
11100011
10110010
11100110
01100101
00111011
00110011
01100111
00110111
11011110
01010011
01111100
10001111
11010001
01011011
00000001
00001110
10010000
00110101
10110000
00011100
10001111
11100001
11110111
00011010
01100001
00111111
01110010
00111100
11110101
11010001
10010011
00100011
11100001
00010100
01100011
00010110
01100000
10100111
10011100
01100100
01110011
00111111
10101010
01011100
11010010
11000001
11110110
01110110
01001101
10111111
10110110
11011001
00001101
11000000
11100001
00001001
10000000
00111100
00111110
11111010
11100101
00101010
00101111
00010100
11101110
00100111
00011101
11001110
01011011
00100010
10110100
10101011
01001101
00110001
00110100
00100011
00111001
11000100
01111010
00110101
00001001
11101011
01101100
01100000
10110010
10010000
10100000
01101101
00000000
11111000
11001011
11111000
10110000
01001101
01010001
11111010
01001110
10010010
00101010
11011010
11100110
00110011
11001101
10101011
01100011
11101111
10110101
01001100
00101101
01110011
00101101
00000001
00000000
11111000
10110100
10011111
11101111
01010111
01010111
11001100
01111110
00101110
11000001
11001011
10100111
10000101
