01001100
10101000
00011110
00111001
01000001
00011011
10100100
10001001
10011101
11000000
01100101
01001110
01110111
00010000
01001000
11000101
00011101
01111011
11100011
10110010
10000100
11100101
00111100
10000101
10011100
11001001
01101011
10000111
10101101
10011111
10001110
01111000
01111011
00011111
01000011
10110101
01011010
00100000
01101101
01100000
11001111
10110101
00001110
11000001
10001011
01001000
01110001
10111010
10101101
00111011
01101000
10000100
11000111
00010101
01001011
00110101
01001100
00000011
11011110
01000011
01100000
01100101
01011011
01110101
01101110
11110100
01001110
01011101
10000101
01011100
01111011
01101111
10011011
11011101
01101101
10100110
01110101
00111100
01001100
11001100
10001111
01010010
00110110
00101000
00110111
10011011
10100101
01101001
11011001
01001101
10000110
11100011
10111000
11000110
01100110
00000000
10110010
01010111
01101010
10111001
