00000000
00000000
10101010
11101010
00000000
10101010
00101001
00010110
10011101
00101011
10110101
10100010
11001001
00011001
00001110
11111110
10011111
11100000
00011110
11000100
10010011
00001101
10100111
10001001
10011001
11010000
01011101
11100010
10011001
01011001
00100001
00010010
10000000
01001101
00001110
01011010
00110111
00100011
10010101
11111111
10111000
00000000
00110011
01100100
00101111
11011110
11101110
00100100
11010001
00001001
11111001
00111100
10110011
11010100
01011110
00011011
11000100
00100011
01100110
10001111
01111110
01100000
01011101
00111101
10000101
10110010
01001011
01101000
11101111
11010011
10001110
10001001
00111011
11100110
11111110
00100100
01011100
10110001
01110101
00011110
10101100
10001111
00111001
00111111
11000101
10100011
11101001
11001100
00111010
10101110
00100010
11101000
11101011
11100111
11000000
01001111
10101100
10100010
00000010
01010100
11010010
00011110
10001100
00100011
00001001
10001100
10111110
00010001
00111011
01010100
01110011
01110111
00100001
11000000
01101010
11100001
01011000
00100010
11111110
00010000
10010001
00011010
10001100
00001110
01111101
11110010
00100011
00001000
11100110
11011100
01001001
01111001
10011110
01011101
11000111
01110010
10001001
11110111
00110010
11110010
01000101
00000100
11101001
01100110
01111101
01010101
01000011
10000000
01011101
10110011
10011111
11001111
00010001
10100010
01011111
01101110
11110101
10110010
11111001
11000111
10111011
01101100
11000001
01101111
00100100
00101001
11100110
00000000
10101101
11000101
00001011
01001010
10000011
01011110
10111000
00001110
11100100
01110100
01100001
01110011
01001100
11001101
11011111
11101110
00110001
11001011
10110110
00100000
11001001
10111011
10101000
11100001
11110111
00000110
00001010
01011111
01100010
01101110
00100010
01101010
01011000
10111110
01001010
01100101
10010100
11011010
10010011
11010000
11100010
00110100
01001110
01100111
00000000
10000111
00100001
00100011
00000111
00111100
01000001
01001010
10010110
00100011
01000111
01111101
01010011
10001100
01111101
10000111
00011110
11011111
01000011
11110101
10000110
11001110
10111111
00001000
11101010
10011100
11101101
11100000
10000001
10101110
01100111
10110011
01111000
10110100
01110101
01000111
11100101
10011111
11000101
10000100
11110000
11100011
10101111
11001111
00001110
11000101
10011010
00101001
11001010
01111110
00101000
11101100
11000111
10111011
00001110
00001101
01110100
01101101
10000001
11111011
01011011
10011100
10001111
01010000
10110000
10110100
11000101
10011100
11101111
11100000
11001110
01100111
00101110
01110000
01000110
00011011
11111111
00011001
01001000
00011010
10101011
11011110
11101101
10001111
01010001
01010000
01100000
10111111
01110111
11011111
10110101
10000101
11101001
00111111
