00000000
10011011
00100001
01011101
00100010
11110010
01100100
01010100
10111100
10110010
00011001
00100100
00101110
10111000
01011011
11101011
11001011
01010000
01001110
01000000
01101010
01010010
01001100
10110010
00111100
00110101
01011000
01001110
11000001
10011101
00110010
11001100
10100010
11000011
00100110
10111010
01001000
01100001
10111000
11110000
01011011
00010100
00100000
10001110
10001111
01110010
10111110
10001101
01011111
01110101
11001011
01111011
11110011
11000000
01111010
11100110
11000011
01101110
10100101
01101001
01011100
11000110
10010101
10111000
00001111
01100000
01010001
01110111
10110001
11011110
01100111
00101110
00101110
10001011
01101011
10000100
10101100
11011111
10101111
10100110
10011011
10100001
01110000
10110001
11101011
10100010
10000010
01110111
10111011
01001000
11001111
10010011
10110000
10100110
01111001
01001010
01011001
00101101
10101100
01010100
10010101
11010000
