10111000
10110010
11010101
00001111
01100100
10110000
11000011
00111011
01000000
00111100
10100010
00011000
01010010
01101111
11010001
11010100
01011100
00011111
01001111
00010101
10100010
00101101
00110011
11011010
01100011
10010101
01101010
10011111
10110001
00111011
11001100
10111010
11010100
10000011
00111111
00000011
11100111
00110101
10011010
00111110
11001110
01000111
10010100
11110010
10001100
00111111
01010011
00111101
00000100
01101101
00001111
00110001
00101010
00010011
01100000
01000001
11001110
00010100
11101011
00100111
00000011
00011101
10101100
10010110
00111101
00011101
00101011
01000000
01010010
10110010
00001010
11010100
10000100
10000011
10010001
00011001
11010010
00100011
00110001
10010100
10101000
11110011
10010001
11101010
00010000
11011000
00111110
11001000
10101111
11000000
11101010
11111010
00010111
01111001
10000010
11111011
11101101
11100101
10110101
01001111
11011110
01100111
00110000
00101010
11111100
11101011
00101100
01011011
10111000
10111011
01000100
00010000
11110010
10110110
11110101
01110100
01100100
10011010
00010001
11100100
01101110
00101001
00110101
11011111
11011110
01000100
11000100
10001100
01110100
00101001
01110100
00110111
10110111
01010010
10011110
10001101
00011111
01100010
10001011
10010011
01111110
10010011
00111110
00110011
01000100
11011100
01011101
00001111
01010001
10011101
10111001
11110010
10001101
11001000
10010110
01110010
11110101
10110001
00000011
11001000
10100100
01110001
10100011
01111111
01000001
10101000
10111111
00010001
00011011
10101000
01000111
11101000
01101101
00010100
01001100
00100010
00111011
11001010
01000000
00011011
11000001
01000001
00111110
00000000
11101111
10110001
01000000
00010000
01001101
10101111
11110011
10010000
00001001
01101101
11111001
01001101
00000011
01110101
11011100
00011011
11010010
01110010
00100111
11110000
10010011
01110101
00011111
00100101
01000000
01011110
00100111
10011011
00111100
10100000
10101111
00110111
00010000
11110110
10001100
11100100
11000111
11011100
10100110
00011000
10010001
01100111
01001000
11101010
01000110
01110100
01010111
00111010
00000011
11101001
01010110
11001000
11011101
01001000
01001011
10100010
11011111
10101111
00011100
01011011
00100101
01010001
11000111
01101100
00101101
00000111
00010011
10111110
11001011
00010010
11101110
10011111
01011100
11100011
00110000
11101000
01011111
11100000
00001001
00000000
00010111
10101111
00100010
10100101
01010001
11110111
11100111
00011111
11010010
11101110
00000100
10011001
00010011
11011000
10101110
10011010
01001011
11001000
11010001
11111011
01010100
00011111
10001110
10101001
11011111
11110010
10010000
11100011
01101000
11110100
10110110
00000000
11101110
00010000
11011010
10111110
