10111000
01100100
01000000
00111100
01101111
01011100
01001111
00110011
01101010
10011111
11001100
00111111
10011010
01000111
10010100
00111111
00001111
00101010
01100000
00100111
00011101
00111101
01000000
10110010
10000100
00100011
10010100
11101010
00111110
11000000
11101010
10000010
11100101
01100111
00110000
01011011
10111000
10110110
01110100
10011010
00110101
11011110
10001100
00110111
10011110
01100010
10001011
00111110
01011101
01010001
10111001
10010110
10110001
10100100
01111111
10101000
01000111
01101101
00111011
01000000
01000001
10110001
01000000
10101111
01101101
01001101
11010010
01110010
01110101
01000000
00111100
10100000
10001100
11011100
10010001
01100111
01010111
00111010
11001000
01001011
10101111
01010001
01101100
00010011
11001011
10011111
01011111
00001001
00100010
10100101
11010010
10011001
10101110
10011010
11010001
10001110
11011111
11100011
10110110
10111110
