00010010
11000001
10110100
10101011
01001111
11000010
01011010
00011101
00001001
01000101
01001110
00010011
10001010
11000011
11101001
10001110
01011111
01011001
10000011
01001011
10001100
10111100
10000000
11010010
00001100
01001011
01001001
00011011
00011001
00000101
11111011
11000001
11000111
01001111
00110010
00000111
11101101
10111110
10110111
10011100
10100000
00000011
01000000
00101011
10110101
00001000
01000101
00000010
01000100
11111001
10100100
01101111
00010101
00101000
01001110
10010000
11010000
11111000
10010001
01111000
10101111
01011111
11101101
11100001
11110011
11010010
11110100
11100010
10000111
00110110
11101110
01011001
00110011
10100010
11111010
00001101
00101110
00011000
11110011
01001101
11000101
01010101
10110101
10010011
11011111
01111001
00001000
01000101
11001111
10011100
10000100
01111011
11011010
11010000
01110001
10100010
00101011
00101111
10001011
00000111
10101100
11110001
00101011
00100101
01100000
00010011
10010001
11010110
01010001
11000011
11101111
01100001
10100100
11100000
10000111
00000011
01001111
10010100
00001011
01110001
01110110
01010101
01010000
11101111
00100101
01101000
00100110
10000010
11110111
10111101
10111101
10101010
10100111
10000101
11110100
10010011
01011001
00111010
01111110
00110001
11010010
10101100
00111000
10111000
10011100
01010110
11001011
01011101
11000110
00001000
10010011
10101000
01101100
10010100
10001101
10011111
11100010
00110000
10100110
11111101
10000001
01010010
00010110
01100101
01010100
11101010
01101110
10000110
11000111
10010011
01101100
00011111
01111001
10111001
10100100
00110010
01101110
10101011
00000010
01011011
11111101
01010011
00011101
01100101
10001111
11100010
10111001
10110010
11011100
00101100
00010010
00110111
10000001
00111110
01000011
01100110
11011011
10110010
11010110
00110100
