11110011
00001111
11100011
00010110
11100000
00110100
01000111
11001011
10111111
11111010
11011001
10000001
10110110
01100001
01000100
01010110
01110000
00110000
00101010
01010101
11100000
11101000
10100110
10110111
10101001
11010100
11011111
11000111
00100011
10100000
00100100
01100100
11011110
01001100
11111001
11100111
11100000
11010111
01001111
01111101
01011101
00010110
01001100
00001100
01011110
00100000
01101011
10000010
10010011
10100001
10100101
01001000
10000011
00011110
00001001
11110101
01000100
10101111
01010011
11100100
10000101
11001111
11100011
10101011
11110111
10000011
11001100
10010010
01110010
10001110
11011010
01110001
11001000
01000010
00101001
00011100
11011010
00010101
01010010
00101101
00100000
01110101
01111100
01010010
01110011
00011000
00111101
00001001
00110101
11001111
01101110
00010001
01101010
11001010
10001110
01000010
01000100
00000001
00100001
11010110
10101001
00100110
01011001
11010010
00101001
00010001
01011110
11101100
11111110
11001010
10110101
00011111
10100010
01001011
10011100
01010011
01001110
11101100
00010110
00011000
00011001
10010010
11100101
10110001
01101110
11110010
00000001
00011100
10000101
11110000
00011100
11100100
10000010
10000101
00100001
10000000
00000011
01100001
01111001
00110000
01010011
01011111
01000101
10000110
11011000
11000101
01111110
01011010
01000111
01000000
01010110
11010001
11001111
00101010
11111011
11110111
10101101
01111010
01101100
11011110
10010110
00010010
00100000
10111001
00110011
11111101
10011011
11110110
00001010
01001001
11111010
10011011
11011101
00001110
10111110
11110101
00100101
00010000
01011111
01010101
11110111
00010101
11100001
10010110
11101001
10001111
00111011
10000011
10001100
00100111
01110000
00011010
01100010
11001011
01000001
10111111
10100010
01110100
00110000
11000000
11001000
01001000
10010010
10010001
11111110
00110110
11101101
01001110
11010010
01111000
01111101
01110010
01110111
10111100
10100010
11011111
11101100
01101001
11010011
10001000
01010010
11001001
01110010
11011111
11001111
01100010
11000100
11011110
11110101
00110111
11100000
00110101
00100110
00000001
10110100
01010111
00111010
00010111
00101111
10001010
11010111
11000011
00110111
10111011
10010111
00000111
10100000
10110010
00011011
01011101
11111101
10001001
00110101
11101011
00000101
11101111
00100000
00010010
01000110
01000110
10110001
11100111
01001101
11001000
01110000
11110010
10100001
10111010
11111001
01111110
11011111
00110011
10001001
01011001
10101000
01101110
01011101
11111011
01001100
11001100
00110100
11101101
00000100
11100010
10001010
10001000
11010111
00010011
10010000
01101000
11011110
01110010
01000111
11000111
01011011
11010101
10011001
00100101
11000100
01110000
