11100011
00110100
10111111
11011001
01100001
01010110
01010101
10110111
11010100
10100000
01100100
11100111
11010111
01011101
01001100
01101011
10100001
01001000
01000100
10101111
11001111
10101011
10010010
10001110
01000010
00011100
00101101
01110101
00111101
00110101
01101010
10001110
00100001
10101001
01011001
01011110
11001010
01001011
01010011
00011000
10010010
10110001
00011100
11100100
10000010
01100001
01010011
01011111
11000101
01000111
11001111
11110111
01111010
10010110
00110011
11110110
01001001
10011011
10111110
01010101
11100001
10010110
10000011
00100111
01100010
10100010
11000000
10010001
11101101
01111000
01110111
10111100
11010011
10001000
11001111
11000100
11100000
00100110
01010111
00101111
11000011
10010111
10100000
10001001
00110101
00100000
01000110
11001000
10100001
10111010
10001001
01101110
01011101
11001100
10001010
10001000
10010000
01110010
10011001
01110000
