0010111110101100
1000000111100110
1101000110100000
0110010101101101
1110100110110100
0110110011000011
1001101011001011
0011100011101101
0000100001101110
0010111000100011
1011111110110110
1110100111001111
1111110010001001
0110111011110001
0100001101001100
1100111011010111
1011111001011111
1011010110110100
0010001111001000
0101111100100110
0111101100100001
0111111111100000
1110111000100110
1010111001110100
0011101001110001
1101100011110001
0011000100101110
0101001111110010
1001100110000001
0111110110000000
0101010100100001
1011001010100111
0100101100010100
0011010111011110
0011010100001100
1110000001110110
0000011101111010
1000010011110011
1111100111001011
1111110101101111
1011011110110111
1001000001101101
1010011011010001
1101011110100100
0001011001000011
1000111101101111
1101011110110111
1111010000001010
0000110001101110
0101110000101101
1110010110010111
1000111011100100
0010010011110100
1001101110001100
1111011011111000
0100011111011111
0011011001010111
1110100001111001
1011011000011111
1001101111101101
0001010011110010
1001001001000000
0001110110100010
1110111010110000
1101100001011001
0111001010110110
1001011100000001
0110011011100000
0001100101100101
0110100011000100
0001100110100001
0100100010101001
0101101100010000
0110010001011000
0000100010111011
0011111011011011
0010101001100011
1111000001000100
1000001011101111
1110010011110101
1010101101110101
1000101010110100
1011001000010000
1111010000001111
1111101110111011
0101010000110100
1010001110001100
0001001110000111
0111101110101100
1111011101110011
1111101011110110
0100100010100000
0000011110010010
0110101111011101
1101001100100100
0110010100000001
0110011110000101
0011000101101110
1001010000101110
1001000011010101
1101010111101010
0101011011001000
1000100100110010
1100110100110000
1100100110111100
1011110110101110
0001100101001001
1010010111000110
1111110111100000
1111000011001000
0101101110010111
1110100101101110
1111010001000110
1111010011111110
0000011111001100
0111101001100010
1010100001100001
1011101111111100
0110010010001100
1011100101111110
1101001010111011
1011000101110100
1000101111101101
0100010111100101
1011000110010110
1100011011000110
1101001100111000
1101010000000010
1001010001110101
1100011001110111
1001000110011010
1001011001100000
0000001100111001
1000110100000001
0001101101011010
1010000010100000
0001000101101101
1010011101001110
0101110111111100
0101000101010110
0111110111011101
1111001111111101
1001101100001010
1001110011000001
0110011000010010
0001001001011100
0010010111111111
0101001110101100
1010101100011001
1101100101100000
0001100111000010
0110111101110110
0010000011001011
0110101001110101
1100100011101000
0000111110001000
0110011010110011
0011000011110100
1011000000010100
0110110011010100
0100011101110000
1100011111001110
1111111001101001
1001000000100000
0110101001111111
1110100101100000
0000000100010000
1011100010110100
1001100011011100
0000111011011100
0101101100011000
1110111110111000
0100110100000110
0110000001100011
1111110000101111
1000010011001011
0011010101001101
1110010010010101
0010100100011011
1101100111001101
0000010010000001
1100001110001101
0100110100010011
0010100010011001
1001001111000110
0110101000011110
1010110010010000
1101101111011100
0101111010101101
1100010000000111
0101011100100110
0100011010001011
0100011100110010
1101000001101101
1111001001110000
0111100101101000
0110111000101111
0001000100011110
1111100111101011
0001110100000111
